30
3 3
1 3 3
1 1
1 2
1 3
0 1
3 0
2 0
4 4
10 10 10 10
250 10
250 490
10 250
490 250
250 0
500 250
250 500
0 250
1 2
332
493 219
0 186
243 0
2 2
47 188
332 202
106 99
0 195
425 0
2 5
98 37
300 228
335 105
26 0
0 368
379 0
248 0
0 454
2 5
315 137
300 228
335 105
26 0
0 368
329 0
148 0
0 454
3 4
261 158 57
360 285
338 60
69 192
302 0
0 192
135 0
201 0
5 4
239 234 104 73 476
330 20
286 127
327 49
189 310
13 300
174 0
0 284
0 276
0 324
4 2
201 307 217 192
253 354
93 416
323 188
174 382
0 455
0 237
5 5
126 173 385 430 164
428 482
334 124
71 433
77 136
434 134
476 0
0 66
0 388
0 466
203 0
5 5
198 146 186 206 257
297 21
282 77
346 201
383 299
248 414
0 364
402 0
122 0
110 0
487 0
6 5
126 102 84 1 168 119
106 314
90 410
28 389
258 331
291 385
428 177
374 0
121 0
364 0
45 0
0 155
6 6
110 43 192 120 174 13
421 243
140 188
14 80
76 127
309 346
79 149
0 225
177 0
0 494
183 0
54 0
0 314
3 7
191 358 351
340 474
16 158
138 127
0 469
427 0
105 0
126 0
0 125
0 445
351 0
4 7
160 279 84 12
342 133
315 356
438 344
382 87
0 454
0 332
349 0
0 2
434 0
0 360
111 0
7 7
424 416 183 130 845 586 36
286 127
327 49
189 310
13 300
423 175
153 285
114 276
0 324
471 0
326 0
142 0
431 0
377 0
31 0
7 7
664 748 331 152 283 741 369
238 411
313 76
389 148
66 74
450 287
482 301
198 370
0 199
314 0
284 0
0 440
0 143
0 402
0 79
8 4
232 104 379 199 433 429 245 417
318 24
283 208
421 185
146 112
467 223
234 295
254 223
170 121
0 487
0 208
201 0
0 486
5 8
192 124 23 329 303
235 50
206 410
172 292
40 462
336 27
0 365
363 0
0 287
0 460
72 0
0 155
356 0
233 0
7 8
87 137 131 280 29 279 245
241 224
354 433
262 51
384 419
193 42
123 230
440 480
0 252
0 9
197 0
0 134
0 458
405 0
484 0
211 0
8 8
282 333 235 144 175 171 164 239
385 425
280 169
159 172
354 436
247 91
476 160
362 378
344 291
379 0
0 118
75 0
0 382
0 2
0 216
415 0
0 233
8 8
249 346 779 342 344 128 428 244
443 200
269 104
447 396
71 346
70 366
120 10
218 287
466 277
120 0
1 0
0 443
0 313
255 0
0 231
132 0
0 331
8 9
292 468 106 109 193 251 399 153
231 309
422 126
130 212
149 176
438 203
104 471
201 25
485 483
0 130
0 361
43 0
0 372
0 271
0 317
0 179
323 0
217 0
8 9
168 97 217 15 313 503 75 38
86 364
202 327
242 377
118 433
267 124
114 487
412 345
69 240
138 0
0 298
0 362
0 34
0 461
0 111
0 301
167 0
254 0
8 9
577 518 133 282 200 374 279 120
282 460
156 296
319 44
340 367
367 388
57 402
311 281
239 38
0 471
60 0
41 0
0 489
151 0
480 0
106 0
0 258
365 0
9 9
307 520 613 523 491 103 175 506 585
85 389
225 227
148 366
279 93
411 158
90 74
324 149
390 380
304 21
0 52
331 0
321 0
0 289
0 489
0 75
72 0
0 14
0 324
9 9
37 445 273 112 1 559 262 61 341
178 417
261 191
443 327
302 420
393 310
382 157
171 472
97 354
30 440
0 57
0 181
0 170
0 351
0 366
178 0
127 0
0 372
355 0
9 9
176 83 228 50 556 504 491 279 529
377 476
463 202
347 474
432 45
377 130
18 173
46 5
176 59
317 15
235 0
139 0
0 365
0 213
393 0
328 0
338 0
216 0
310 0
9 9
133 191 470 275 64 278 274 646 645
175 122
114 331
80 445
130 292
227 217
133 195
145 437
475 224
160 493
63 0
15 0
0 196
0 195
0 246
310 0
0 124
0 212
0 421
9 9
201 193 201 201 269 88 212 166 121
494 57
115 110
216 48
204 487
193 163
179 191
225 26
206 40
495 50
0 327
0 481
0 58
52 0
0 104
203 0
362 0
0 287
0 223
